31, 37, 183, 40536, 307, 38, 451, 1590, 5, 53, 179, 55, 13, 934, 27, 51, 49, 35, 171, 875, 186, 974, 921, 346,
461, 719, 57, 931, 949, 795, 774, 804, 951, 1037, 791, 947, 778, 950, 941, 945, 915, 1025, 1018, 1003, 466,
720, 993, 944, 446, 827, 798, 777, 1000, 1017, 853, 1002, 891, 887, 836, 1010, 957, 825, 852, 982, 786, 835,
844, 731, 858, 963, 842, 802, 854, 981, 1100, 475, 382, 392, 401, 383, 329, 386, 394, 378, 381, 273, 269, 267,
1235, 266, 263, 393, 396, 1240, 25, 260, 384, 387, 399, 388, 397, 400, 256, 398, 204, 1016, 738, 385, 40514,
42169, 131, 122, 121, 140, 142, 126, 257, 77, 1119, 390, 23499, 129, 136, 138, 144, 1177, 1182, 1209, 194,
40704, 40710, 4329, 40707, 40708, 40711, 40713, 42172, 42167, 560, 524, 506, 511, 222, 232, 231, 213, 190, 531,
203, 1245, 541, 706, 212, 214, 482, 553, 533, 534, 536, 543, 513, 497, 681, 526, 535, 40672, 41946, 1089, 699,
676, 704, 709, 661, 1188, 23513, 1412, 1097, 1201, 1228, 1193, 1194, 1196, 1199, 372, 483, 516, 42876, 42768,
42804, 42805, 42665, 42726, 42900, 42532, 42530, 42638, 40596, 40505, 42132, 42164, 41440, 41430, 42343, 42345,
42351, 42352, 41265, 41540, 41515, 41516, 41517, 41518, 41519, 42192, 42193, 42436, 42437, 42439, 42444, 42445,
42734, 485, 498, 659, 224, 42585, 42750, 4541, 40945, 41514, 42438